1 0
2 2
3 3
4 1
5 1
6 9
7 1
8 81
9 729
10 225
11 324
12 39169
13 82944
14 176400
15 215296
16 3444736
17 26167684
18 114349225
19 255004929
20 1158920361
21 11638526761
22 42128246889
23 191052974116
24 97216010329
25 2430400258225
26 1553580508516
27 4666092737476
28 565986718738441
29 2137864362693921
30 5112360635841936
31 128752335378056196
32 765325637086434064
33 947149606797163441
34 23096275482364893649
35 153611165706045517584
36 650701512017204928784
37 1866695604582180947481
38 37518203085748767234304
39 219164401105451883320836
40 1490598441528274577343321
41 7263657469887146344632100
42 4296152199337907766429636
43 137802027583532651320927969
44 2291367177488455527130750096
45 10380509230937552362829888064
46 41141248078444001962161465600
47 499991491739084121612921274596
48 3700984001906005781892208265284
49 33367990707589331865470380776601
50 100945783005996010062336802950625
51 1485506162952299372535164364158025
52 16558735049653564835922373996093929
53 59526295955222867901760699678239684
54 401975723218089103493362286758025625
55 1015889048198941345034401092731746225
56 39172648235163152203705806375241992001
57 311249668851661658915366570113506514564
58 2398938529550257291573863062601746606884
59 3491489720027296914606192845142681780100
60 4414861862502111693501896332967631087601
61 296160548672818882154230786819036334007649
