A026824	EulerTransform[LinearRecurrence[{0,1},{0,0,0,1,1,1,1,0},60]]	Number of partitions of n into distinct parts, the least being 3.
A096749	EulerTransform[LinearRecurrence[{0,1},{0,0,1,1,1,0},60]]	Number of partitions of n into distinct parts, the least being 2. 
A096765	EulerTransform[LinearRecurrence[{0,1},{0,1,1,0},60]]	Number of partitions of n into distinct parts, the least being 1
# Cf. A096765 (least=1), A022824 (3), A022825 (4), A022826 (5), A022827 (6), A022828 (7), A022829 (8), A022830 (9), A022831 (10).
A300978


A058628	eulerixf	0	nonn	1	0,3,3,0,0,-3,0,3,3,0,-3,0,3,6,3,-3,-6,-3,6,12,3,-9,-12,3,18,15,-6,-30,-21,18,48,24,-36,-63,-18,72,99,6,-126,-144,30,216,183,-102,-357,-213	term

A058727	eulerixf	0	nonn	1	0,1,1,1,1,-1,0,1,1,-1,0,0,0,1,2,1,0,-1,0,0,1,1,0,0,1,1,1,1,0,-2,0,1,1,1,1,0,0,1,1,0,0,-1,0,1,2,1,0,0,0,-1,1,1,0,-1,1,1,1,1	term
0
 ,1,1,1,1
,-1,0,1,1
,-1,0,0,0
 ,1,2,1,0
,-1,0,0,1
 ,1,0,0,1
 ,1,1,1,0
,-2,0,1,1
 ,1,1,0,0
 ,1,1,0,0
,-1,0,1,2
 ,1,0,0,0
,-1,1,1,0
,-1,1,1,1
,1	term


A058728	eulerixf	0	nonn	1	0,-1,1,0,1,-1,0,0,1,-1,0,0,0,-1,2,0,0,-1,0,0,1,-1,0,0,1,-1,1,0,0,-2,0,0,1,-1,1,0,0,-1,1,0,0,-1,0,0,2,-1,0,0,0,-1,1,0,0,-1,1,0,1,-1,0,0,0,-1,1,0,1,-1,0,0,1,-1,0,0,0,-1,2,0,0,-1,0,0,1,-1,0,0	term
Somos: ET of a period 60 sequence
0
,-1,1,0,1
,-1,0,0,1
,-1,0,0,0
,-1,2,0,0
,-1,0,0,1
,-1,0,0,1
,-1,1,0,0
,-2,0,0,1
,-1,1,0,0
,-1,1,0,0
,-1,0,0,2
,-1,0,0,0
,-1,1,0,0
,-1,1,0,1
,-1,0,0,0
...
,-1,1,0,1
,-1,0,0,1
,-1,0,0,0
,-1,2,0,0
,-1,0,0,1
,-1,0,0

A260671	eulerixf	0	nonn	1	2,-3,2,-1,2,-3,2,-1,2,-3,2,-1,2,-3,4,-1,2,-3,2,-1,2,-3,2,-1,2,-3,2,-1,2,-6,2,-1,2,-3,2,-1,2,-3,2,-1,2,-3,2,-1,4,-3,2,-1,2,-3,2,-1,2,-3,2,-1,2,-3,2,-2,2,-3,2,-1,2,-3,2,-1,2,-3,2,-1,2,-3,4,-1,2,-3,2,-1,2,-3,2,-1,2	term
ET of a period 60 sequence
2,-3,2,-1,
2,-3,2,-1,
2,-3,2,-1,
2,-3,4,-1,
2,-3,2,-1,
2,-3,2,-1,
2,-3,2,-1,
2,-6,2,-1,
2,-3,2,-1,
2,-3,2,-1,
2,-3,2,-1,
4,-3,2,-1,
2,-3,2,-1,
2,-3,2,-1,
2,-3,2,-2,
...
2,-3,2,-1,
2,-3,2,-1,
2,-3,2,-1,
2,-3,4,-1,
2,-3,2,-1,
2,-3,2,-1,
2	term

%F A033683 Euler transform of a period 144 sequence. - _Michael Somos_, Jan 26 2008
%F A058728 Euler transform of a period 60 sequence. - _Michael Somos_, Feb 13 2017
%F A093068 Euler transform of a period 63 sequence.
%F A128519 Euler transform of a period 78 sequence.
%F A143751 Euler transform of a period 60 sequence.
%F A143752 Euler transform of a period 60 sequence.
%F A145726 Euler transform of a period 60 sequence.
%F A145727 Euler transform of a period 60 sequence.
%F A145728 Euler transform of a period 60 sequence.
%F A145782 Euler transform of a period 60 sequence.
%F A145783 Euler transform of a period 60 sequence.
%F A145785 Euler transform of a period 60 sequence.
%F A145786 Euler transform of a period 60 sequence.
%F A145933 Euler transform of a period 60 sequence.
%F A192323 Euler transform of a period 60 sequence.
%F A205808 Euler transform of a period 36 sequence. - _Michael Somos_, Jan 19 2017
%F A208546 Euler transform of a period 80 sequence.
%F A210705 Euler transform of a period 126 sequence.
%F A214529 Euler transform of a period 80 sequence.
%F A225956 Euler transform of a period 92 sequence.
%F A253183 Euler transform of a period 46 sequence.
%F A253185 Euler transform of a period 46 sequence.
%F A255320 Euler transform of a period 96 sequence.
%F A255365 Euler transform of a period 96 sequence.
%F A256505 Euler transform of a period 96 sequence.
%F A256538 Euler transform of a period 47 sequence.
%F A256574 Euler transform of a period 96 sequence.
%F A260671 Euler transform of a period 60 sequence.
%F A260675 Euler transform of a period 60 sequence.
%F A260676 Euler transform of a period 60 sequence.
%F A262175 Euler transform of a period 60 sequence.
%F A262950 Euler transform of a period 78 sequence.
%F A281451 Euler transform of a period 36 sequence.
%F A281452 Euler transform of a period 36 sequence.
%F A281453 Euler transform of a period 36 sequence.
%C A286131 Euler transform of a period 210 sequence. - _Michael Somos_, Nov 14 2019
%F A298931 Euler transform of a period 72 sequence.


A263138	eulerixf	0	nonn	1	0,0,1,0,0,-1,2,0,0,0,3,0,0,-2,4,0,0,0,5,0,0,-3,6,0,0,0,7,0,0,-4,8,0,0,0,9,0,0,-5,10,0,0,0,11,0,0,-6,12,0,0,0,13,0,0,-7,14,0,0,0,15,0,0,-8,16	term
 0,0,
 1,0,0,-1,
 2,0,0,0,
 3,0,0,-2,
 4,0,0,0,
 5,0,0,-3,
 6,0,0,0,
 7,0,0,-4,
 8,0,0,0,
 9,0,0,-5,
10,0,0,0,
11,0,0,-6,
12,0,0,0,
13,0,0,-7,
14,0,0,0,
15,0,0,-8,
16	term
FindLinearRecurrence[s]
Out[26]= {0, 0, 0, 0, 0, 0, 0, 2, 0, 0, 0, 0, 0, 0, 0, -1}

A263136	eulerixf	0	nonn	1	0,0,1,0,0,0,2,0,0,0,3,0,0,0,4,0,0,0,5,0,0,0,6,0,0,0,7,0,0,0,8,0,0,0,9,0,0,0,10,0,0,0,11,0,0,0,12,0,0,0,13,0,0,0,14,0,0,0,15	term
A263137	eulerixf	0	nonn	1,1,1,1,1	3,-3,2,-3,9,-14,24,-42,84,-161,299,-564,1105,-2148,4161,-8128,16019,-31619,62471,-123831,246388,-491203,980695,-1961963,3933107,-7896585,15875409,-31961261,64432579,-130045696,262757920,-531460771,1076013105,-2180525814,4422598632,-8977373926,18237188247,-37075190430,75423907533,-153539629150,312754677426,-637449052073,1299969752605,-2652503725819,5415059360185,-11060249895948,22601221439717,-46205698299587,94503462529946	term
A263138	eulerixf	0	nonn	1	0,0,1,0,0,-1,2,0,0,0,3,0,0,-2,4,0,0,0,5,0,0,-3,6,0,0,0,7,0,0,-4,8,0,0,0,9,0,0,-5,10,0,0,0,11,0,0,-6,12,0,0,0,13,0,0,-7,14,0,0,0,15,0,0,-8,16	term
A263139	eulerixf	0	nonn	1,1	0,0,0,2,2,0,0,0,0,-2,0,0,4,4,0,0,0,-5,-5,0,6,10,10,6,0,-9,-20,-22,1,18,30,46,34,-6,-54,-90,-86,-12,69,160,228,153,-51,-277,-443,-453,-156,344,867,1142,795,-204,-1412,-2370,-2447,-896,1886,4651	term
A263140	eulerixf	0	nonn	1,1	0,2,2,0,0,-2,4,4,0,-5,1,10,10,-3,-12,-4,23,32,-10,-44,-18,79,104,-41,-203,-91,297,400,-169,-821,-357,1163,1626,-737,-3432,-1587,4838,6755,-2974,-14489,-6701,20379,28871,-12549,-62182,-29161	term
A263141	eulerixf	0	nonn	1	0,0,0,1,0,0,0,0,2,0,0,0,0,3,0,0,0,0,4,0,0,0,0,5,0,0,0,0,6,0,0,0,0,7,0,0,0,0,8,0,0,0,0,9,0,0,0,0,10,0,0,0,0,11,0,0,0,0,12,0,0,0,0,13,0	term
A263142	eulerixf	0	nonn	1	0,0,1,0,0,0,0,2,0,0,0,0,3,0,0,0,0,4,0,0,0,0,5,0,0,0,0,6,0,0,0,0,7,0,0,0,0,8,0,0,0,0,9,0,0,0,0,10,0,0,0,0,11,0,0,0,0,12,0,0,0,0	term
A263143	eulerixf	0	nonn	1	0,1,0,0,0,0,2,0,0,0,0,3,0,0,0,0,4,0,0,0,0,5,0,0,0,0,6,0,0,0,0,7,0,0,0,0,8,0,0,0,0,9,0,0,0,0,10,0,0,0,0,11,0,0,0,0,12,0,0,0	term
A263144	eulerixf	0	nonn	1,1,1,1,1,1	3,-3,2,-3,6,-8,15,-24,44,-81,142,-247,455,-832,1500,-2732,5046,-9315,17180,-31798,59148,-110212,205517,-384070,719501,-1349799,2535148,-4768394,8981908,-16938021,31974415,-60423130,114300415,-216414780,410101701,-777773820,1476235315,-2803973427,5329548115,-10136620319,19291626414,-36736908115,69997404541,-133443180111,254528003293,-485723584992,927359061581,-1771345749581,3384912062811,-6471013960019,12375734595578	term
A263145	eulerixf	0	nonn	1	0,0,0,1,0,0,0,-1,2,0,0,0,0,3,0,0,0,-2,4,0,0,0,0,5,0,0,0,-3,6,0,0,0,0,7,0,0,0,-4,8,0,0,0,0,9,0,0,0,-5,10,0,0,0,0,11,0,0,0,-6,12,0,0,0,0,13,0,0,0,-7,14	term
A263146	eulerixf	0	nonn	1	0,0,1,0,0,-1,0,2,0,0,0,0,3,0,0,-2,0,4,0,0,0,0,5,0,0,-3,0,6,0,0,0,0,7,0,0,-4,0,8,0,0,0,0,9,0,0,-5,0,10,0,0,0,0,11,0,0,-6,0,12,0,0,0,0,13,0,0,-7,0,14	term
A263147	eulerixf	0	nonn	1	0,1,0,-1,0,0,2,0,0,0,0,3,0,-2,0,0,4,0,0,0,0,5,0,-3,0,0,6,0,0,0,0,7,0,-4,0,0,8,0,0,0,0,9,0,-5,0,0,10,0,0,0,0,11,0,-6,0,0,12,0,0,0,0,13,0,-7,0,0	term
A263148	eulerixf	0	nonn	1,1	0,0,0,0,2,2,0,0,0,0,0,-2,0,0,0,4,4,0,0,0,0,-5,-5,0,0,6,10,10,6,0,0,-9,-20,-22,-7,8,18,30,46,34,8,-14,-54,-90,-96,-40,29,78,160,228,184,45,-117,-287,-455,-503,-270,68,441,878,1180,1020,295	term
A263149	eulerixf	0	nonn	1	0,0,1,0,2,-1,3,0,4,-2,5,0,6,-3,7,0,8,-4,9,0,10,-5,11,0,12,-6,13,0,14,-7,15,0,16,-8,17,0,18,-9,19,0,20,-10,21,0,22,-11,23,0,24,-12,25	term
A263150	eulerixf	0	nonn	1	0,0,1,0,2,0,3,0,4,0,5,0,6,0,7,0,8,0,9,0,10,0,11,0,12,0,13,0,14,0,15,0,16,0,17,0,18,0,19,0,20,0,21,0,22,0,23,0,24	term

A263199	eulerixf	0	nonn	1	0,0,3,0,5,0,7,0,9,0,11,0,13,0,15,0,17,0,19,0,21,0,23,0,25,0,27,0,29,0,31,0,33,0,35,0,37,0,39,0,41,0	term

A263352	eulerixf	0	nonn	1	0,0,0,0,1,0,2,0,3,0,4,0,5,0,6,0,7,0,8,0,9,0,10,0,11,0,12,0,13,0,14,0,15,0,16,0,17,0,18,0,19,0,20,0,21,0,22,0,23,0,24,0,25,0	term
A263358	eulerixf	0	nonn	1	0,0,1,2,3,4,5,6,7,8,9,10,11,12,13,14,15,16,17,18,19,20,21,22,23,24,25,26,27,28,29,30,31,32,33,34,35,36,37,38,39,40	term
A263359	eulerixf	0	nonn	1	0,0,0,1,2,3,4,5,6,7,8,9,10,11,12,13,14,15,16,17,18,19,20,21,22,23,24,25,26,27,28,29,30,31,32,33,34,35,36,37,38,39,40,41	term
A263360	eulerixf	0	nonn	1	0,0,0,0,1,2,3,4,5,6,7,8,9,10,11,12,13,14,15,16,17,18,19,20,21,22,23,24,25,26,27,28,29,30,31,32,33,34,35,36,37,38,39,40,41,42	term
A263361	eulerixf	0	nonn	1	0,0,0,0,0,1,2,3,4,5,6,7,8,9,10,11,12,13,14,15,16,17,18,19,20,21,22,23,24,25,26,27,28,29,30,31,32,33,34,35,36,37,38,39,40,41,42,43	term
A263362	eulerixf	0	nonn	1	0,0,0,0,0,0,1,2,3,4,5,6,7,8,9,10,11,12,13,14,15,16,17,18,19,20,21,22,23,24,25,26,27,28,29,30,31,32,33,34,35,36,37,38,39,40,41,42,43,44	term
A263363	eulerixf	0	nonn	1	0,0,0,0,0,0,0,1,2,3,4,5,6,7,8,9,10,11,12,13,14,15,16,17,18,19,20,21,22,23,24,25,26,27,28,29,30,31,32,33,34,35,36,37,38,39,40,41,42,43,44	term
A263364	eulerixf	0	nonn	1	0,0,0,0,0,0,0,0,1,2,3,4,5,6,7,8,9,10,11,12,13,14,15,16,17,18,19,20,21,22,23,24,25,26,27,28,29,30,31,32,33,34,35,36,37,38,39,40,41,42,43,44,45	term

Hardin:
A318345	eulerixf	0	nonn		3,-2,2,3,0,14,-10,44,-21,99,22,115,364,-60,1632,-657,4825,-65,9493,11432,8427,68887,-15323,251709,-32825,642658,351371,1050692,2958055,488521,13162428,-1448719,40856227	term
A318346	eulerixf	0	nonn		5,-8,18,-54,187,-597,2003,-6756,23697,-83237,295920,-1059001,3823823,-13875912,50623800,-185487680,682400620,-2519052383,9327972416,-34636674914,128936870469,-481062553058,1798560335180,-6737049781506,25279559664396,-95008945950256,357604094051032,-1347834526663909,5086569698147416,-19218970431294975,72697262979395716	term
A318347	eulerixf	0	nonn		8,-25,101,-509,2831,-15950,92257,-545315,3279050,-19952924,122627304,-759958609,4742760613,-29774534674,187879413142,-1190826184629,7577353956764,-48382915126899,309890991214288,-1990355177771624,12815610960488333,-82705417521794139,534843635248749315,-3465304920734682266,22491101080959876906,-146209437792229555588,951881793037721663471,-6205642915867136157995	term
A318348	eulerixf	0	nonn		13,-73,535,-4705,44534,-435653,4380153,-44975809,469205025,-4955854364,52873207970,-568798675920,6161810092044,-67148343743801,735501789805788,-8092201254849271,89381863296455285,-990689332166775236,11014582920139985680,-122801402882721614646,1372542166048351193142,-15375667382367967463656,172599878813093846885038,-1941193135803493611416128,21870144181459146993938391,-246791372393947040078997531	term
A318349	eulerixf	0	nonn		21,-201,2521,-37130,585120,-9579513,161281836,-2772238334,48408483738,-855863634040,15284533389574,-275235252936395,4990940620868442,-91041239658571166,1669226925875577009,-30741644829451039777,568379760497327768982,-10545215605564431807684,196252324999999078452753,-3662510332123010644167029,68521995524125046225114166,-1284893283053547254858339101,24143617734338339415493055501,-454526682735093033756099705427	term

Ilya Gutkovskiy
A319108	eulerixf	0	nonn	1	0,-1,-2,-3,-4,-5,-6,-7,-8,-9,-10,-11,-12,-13,-14,-15,-16,-17,-18,-19,-20,-21,-22,-23,-24,-25,-26,-27,-28,-29,-30,-31,-32,-33,-34,-35,-36,-37,-38,-39,-40,-41,-42,-43,-44,-45,-46,-47,-48	term
A319109	eulerixf	0	nonn	1	0,-1,-2,-2,-4,-3,-6,-4,-8,-5,-10,-6,-12,-7,-14,-8,-16,-9,-18,-10,-20,-11,-22,-12,-24,-13,-26,-14,-28,-15,-30,-16,-32,-17,-34,-18,-36,-19,-38,-20,-40,-21,-42,-22,-44,-23,-46,-24,-48	term

Seiichi Manyama
A319243	eulerixf	0	nonn	1	-2,1,0,-2,0,0,0,1,-2,0,0,0,0,0,0,-2,0,1,0,0,0,0,0,0,-2,0,0,0,0,0,0,1,0,0,0,-2,0,0,0,0,0,0,0,0,0,0,0,0,-2,1,0,0,0,0,0,0,0,0,0,0,0,0,0,-2,0,0,0,0,0,0,0	term
A319244	eulerixf	0	nonn	1	-2,1,0,0,0,0,0,-2,0,0,0,0,0,0,0,1,0,0,0,0,0,0,0,0,0,0,-2,0,0,0,0,0,0,0,0,0,0,0,0,0,0,0,0,0,0,0,0,0,0,0,0,0,0,1,0,0,0,0,0,0,0,0,0,-2,0,0,0,0,0,0,0,0,0,0,0	term

A319359		Expansion of Product_{i>=1, j>=1, k>=1} (1 - x^(i*j*k))
A319359	eulerixf	0	nonn	1	-1,-3,-3,-6,-3,-9,-3,-10,-6,-9,-3,-18,-3,-9,-9,-15,-3,-18,-3,-18,-9,-9,-3,-30,-6,-9,-10,-18,-3,-27,-3,-21,-9,-9,-9,-36,-3,-9,-9,-30,-3,-27,-3,-18,-18,-9,-3,-45,-6,-18,-9	term

A320067	eulerixf	0	nonn	1	2,-1,4,-2,4,-2,4,-3,6,-2,4,-4,4,-2,8,-4,4,-3,4,-4,8,-2,4,-6,6,-2,8,-4,4,-4,4,-5,8,-2,8,-6,4,-2,8,-6,4,-4,4,-4,12,-2	term
A320068	eulerixf	0	nonn	1	-2,1,-4,2,-4,2,-4,3,-6,2,-4,4,-4,2,-8,4,-4,3,-4,4,-8,2,-4,6,-6,2,-8,4,-4,4,-4,5,-8,2,-8,6,-4,2,-8	term
A320069	eulerixf	0	nonn	1	-2,1,-2,4,-2,1,-2,2,-2,1,-2,4,-2,1,-2,2,-2,1,-2,4,-2,1,-2,2,-2,1,-2,4,-2,1,-2,2,-2,1,-2,4,-2,1,-2,2	term
A320070	eulerixf	0	nonn	1	-2,1,-4,4,-2,4,-2,2,-4,1,-2,5,-2,1,-4,2,-2,4,-2,4,-4,1,-2,3,-2,1,-4,4,-2,4,-2,2,-4,1,-2,5,-2,1	term

Alois
A320315	eulerixf	0	nonn	1	0,0,0,1,0,0,0,0,2,3,4,5,6,9,12,18,24,31,40,49,62,77,94,111,126,132,130,110,68,-19,-158,-394,-740,-1255,-1964,-2956,-4254,-5991,-8180,-10944,-14242,-18117,-22338,-26734,-30662,-33380,-33374,-28738,-16252	term
A320316	eulerixf	0	nonn	1	0,0,0,0,1,0,0,0,0,0,2,3,4,5,6,7,10,13,19,25,35,42,56,65,84,99,127,148,185,206,239,248,261,233,204,98,-39,-312,-682,-1294,-2097,-3304,-4848,-7012,-9745,-13423,-17974,-23887,-31022,-39893,-50191,-62345	term
A320317	eulerixf	0	nonn	1	0,0,0,0,0,1,0,0,0,0,0,0,2,3,4,5,6,7,8,11,14,20,26,36,46,58,72,87,106,128,156,189,230,274,322,369,412,444,462,455,420,331,178,-88,-492,-1117,-2012,-3300,-5046,-7436,-10570,-14708,-20008,-26853	term
A320318	eulerixf	0	nonn	1	0,0,0,0,0,0,1,0,0,0,0,0,0,0,2,3,4,5,6,7,8,9,12,15,21,27,37,47,62,74,94,109,135,157,193,226,280,328,400,462,544,608,688,732,785,786,782,691,567,289,-90,-742,-1630,-2992,-4789,-7359	term
A320319	eulerixf	0	nonn	1	0,0,0,0,0,0,0,1,0,0,0,0,0,0,0,0,2,3,4,5,6,7,8,9,10,13,16,22,28,38,48,63,78,96,116,138,164,194,230,272,326,388,464,551,648,752,864,973,1078,1172,1246,1293,1308,1261,1146,917,540,-65	term
A320320	eulerixf	0	nonn	1	0,0,0,0,0,0,0,0,1,0,0,0,0,0,0,0,0,0,2,3,4,5,6,7,8,9,10,11,14,17,23,29,39,49,64,79,100,118,145,167,201,231,276,318,382,444,535,626,749,868,1021,1162,1333,1481,1650,1779,1921,2001,2082,2067	term
A320321	eulerixf	0	nonn	1	0,0,0,0,0,0,0,0,0,1,0,0,0,0,0,0,0,0,0,0,2,3,4,5,6,7,8,9,10,11,12,15,18,24,30,40,50,65,80,101,122,147,174,204,238,277,322,374,438,511,602,709,836,982,1150,1333,1536,1751,1974,2201,2426,2638	term

Seiichi
A320967	eulerixf	0	nonn	1	4,2,8,2,8,4,8,2,12,4,8,4,8,4,16,2,8,6,8,4,16,4,8,4,12,4,16,4,8,8,8,2	term
A320968	eulerixf	0	nonn	1	2,1,4,1,4,2,4,1,6,2,4,2,4,2,8,1,4,3,4,2,8,2,4,2,6,2,8,2,4,4,4,1,8,2,8,3,4	term
A320970	eulerixf	0	nonn	1	-4,-2,-8,-2,-8,-4,-8,-2,-12,-4,-8,-4,-8,-4,-16,-2,-8,-6,-8,-4,-16,-4,-8,-4,-12,-4,-16,-4,-8,-8,-8,-2,-16,-4,-16,-6,-8,-4,-16,-4,-8,-8	term
A320992	eulerixf	0	nonn	1	-2,-1,-4,-1,-4,-2,-4,-1,-6,-2,-4,-2,-4,-2,-8,-1,-4,-3,-4,-2,-8,-2,-4,-2,-6,-2,-8,-2,-4,-4,-4,-1,-8,-2,-8,-3,-4,-2,-8,-2,-4,-4,-4,-2,-12,-2,-4,-2,-6	term

A321299	eulerixf	0	nonn	1	-1,-1,-1,-2,-1,-2,-1,-2,-2,-2,-1,-3,-1,-2,-2,-3,-1,-3,-1,-3,-2,-2,-1,-4,-2,-2,-2,-3,-1,-4,-1,-3,-2,-2,-2,-5,-1,-2,-2,-4,-1,-4,-1,-3,-3,-2,-1,-5,-2,-3,-2,-3,-1,-4,-2,-4,-2,-2,-1,-6,-1,-2,-3,-4,-2,-4,-1,-3,-2,-4,-1,-6,-1,-2,-3,-3	term
A321300	eulerixf	0	nonn	1	0,-1,-1,-1,-1,-2,-1,-2,-1,-2,-1,-3,-1,-2,-2,-2,-1,-3,-1,-3,-2,-2,-1,-4,-1,-2,-2,-3,-1,-4,-1,-3,-2,-2,-2,-4,-1,-2,-2,-4,-1,-4,-1,-3,-3,-2,-1,-5,-1,-3,-2,-3,-1,-4,-2,-4,-2,-2,-1,-6,-1,-2,-3,-3,-2,-4,-1,-3,-2,-4,-1	term

A321344		Expansion of 1/(1 - x) * Product_{k>=0} 1/(1 - x^(3^k))^(3^(k+1)).
A321344	eulerixf	0	nonn	1	4,0,9,0,0,0,0,0,27,0,0,0,0,0,0,0,0,0,0,0,0,0,0,0,0,0,81,0,0,0,0,0,0,0	term
A321345	eulerixf	0	nonn	1	5,0,0,16,0,0,0,0,0,0,0,0,0,0,0,64,0,0,0,0,0,0,0,0,0,0,0,0,0,0,0,0,0	term
A321354	eulerixf	0	nonn	1	3,-3,9,0,0,-9,0,0,27,0,0,0,0,0,0,0,0,-27,0,0,0,0,0,0,0,0,81,0,0,0,0,0,0,0,0,0,0,0,0,0	term
A321355	eulerixf	0	nonn	1	4,-4,0,16,0,0,0,-16,0,0,0,0,0,0,0,64,0,0,0,0,0,0,0,0,0,0,0,0,0,0,0,-64,0,0,0,0,0,0,0,0	term
A321357	eulerixf	0	nonn	1	5,-5,0,0,25,0,0,0,0,-25,0,0,0,0,0,0,0,0,0,0,0,0,0,0,125,0,0,0,0,0,0,0,0,0,0,0,0,0	term

Hanna 0..4100
A322216	eulerixf	0	nonn	1	-6,-9,-12,-18,-24,-42,-60,-108,-180,-324,-564,-1056,-1896,-3546,-6576,-12348,-23136,-43806,-82788,-157464,-299640,-572238,-1094172,-2097756,-4026552,-7744284,-14913204,-28762740,-55538376,-107377704,-207821004,-402659388,-780903528,-1515882384,-2945120496,-5726645700,-11143698936,-21700928790,-42288910032,-82463450976,-160904140656,-314146331556,-613680908532,-1199467516572,-2345624810448,-4589266471722,-8983243937580	term
A322216		G.f.: Product_{n>=1} (1 - 2*x^n)^3.
ET(-3*A000031)
A000031		Number of n-bead necklaces with 2 colors when turning over is not allowed; also number of output sequences from a simple n-stage cycling shift register; also number of binary irreducible polynomials whose degree divides n.
1, 2, 3, 4, 6, 8, 14, 20, 36, 60, 108, 188, 352, 632, 1182

Wesley
A326443		Number of partitions of n into 8 squarefree parts.
A326443	eulerixf	0	nonn	0,0,0,0,0,0,0,0,1,1	2,-1,2,-1,4,-6,9,-13,23,-39,63,-101,175,-298,497,-840,1445,-2482,4247,-7293,12618,-21866,37853,-65689,114390,-199435,347909,-607897,1064016,-1864373,3269575,-5740164,10088921,-17748090,31246267,-55056299,97089245,-171335736,302562294,-534650344,945371001,-1672598778,2960903942,-5244360210,9293662406,-16477654855,29228612330	term
A326445	eulerixf	0	nonn	0,0,0,0,0,0,0,0,1,1	2,-1,2,-1,4,-6,10,-14,24,-41,67,-108,188,-323,543,-922,1593,-2752,4738,-8184,14239,-24816,43213,-75426,132095,-231627,406415,-714232,1257331,-2215804,3908360,-6901284,12199657,-21585046,38220926,-67734686,120136325,-213231187,378719989,-673090812,1197032249,-2130076777,3792521661,-6756106065,12041783633,-21473327783	term
A326446	eulerixf	0	nonn	0,0,0,0,0,0,0,0,1,1	2,-1,2,-1,4,-5,9,-13,22,-37,60,-96,165,-280,467,-786,1344,-2299,3919,-6700,11541,-19916,34335,-59328,102873,-178602,310250,-539788,940808,-1641527,2866567,-5011290,8770577,-15363627,26933725,-47256491,82981882,-145820210,256413731,-451183415,794406651,-1399553878,2467056616,-4351152500,7678136953	term
A326447	eulerixf	0	nonn	0,0,0,0,0,0,0,0,1,1	2,-1,2,-1,5,-6,10,-15,26,-45,74,-122,214,-368,624,-1074,1873,-3263,5672,-9895,17378,-30563,53735,-94698,167417,-296336,524930,-931331,1655075,-2944468,5243145,-9346495,16679334,-29791830,53255429,-95277732,170596168,-305675675,548081653,-983370657,1765489176,-3171540617,5700584990,-10251892549,18446515277	term

Vaclav
A327048		Expansion of Product_{k>=1} (1 + x^k) * (1 + x^(2*k)) * (1 + x^(3*k)) / ((1 - x^k) * (1 - x^(2*k)) * (1 - x^(3*k))).
A327048	eulerixf	0	nonn	1	2,3,4,2,2,4,2,2,4,3,2,3,2,3,4,2,2,4,2,2,4,3,2,3,2,3,4,2,2,4,2,2,4,3,2	term
A327049	eulerixf	0	nonn	1	2,3,4,4,2,4,2,3,4,3,2,5,2,3,4,3,2,4,2,4,4,3,2,4,2,3,4,4,2,4,2,3,4,3,2	term
A327050	eulerixf	0	nonn	1	2,3,4,4,4,4,2,3,4,4,2,5,2,3,6,3,2,4,2,5,4,3,2,4,4,3,4,4,2,5,2,3,4,3	term

Alois        
A327285		Number of partitions of n into colored blocks of equal parts, such that all colors from a set of size two are used and the colors are introduced in increasing order.
A327285	eulerixf	0	nonn	1	2,2,1,1,1,1,2,1,1,2,2,1,2,1,2,2,1,2,3,0,1,2,2,2,1,0,4,2,-1,2,3,0,3,0,1,6,-2,-2,8,0	term
A327286	eulerixf	0	nonn	1	2,2,2,3,1,1,1,0,6,1,1,1,-4,6,11,1,6,-19,-4,11,6,52,-19,-54,6,-50,117,87,-78,14,-320,56,411,-35,450,-726,-951,755	term
A327287	eulerixf	0	nonn	1	2,2,2,2,6,1,1,1,1,-9,21,1,1,1,21,-79,21,71,1,-59,321,-289,-259,71,275,-1048,1921,641,-1659,-899,4267,-10538,1932,11862,1136,-20878,50567	term
A327288	eulerixf	0	nonn	1	2,2,2,2,2,10,1,1,1,1,1,-35,57,1,1,1,1,169,-447,57,295,1,1,-1007,3585,-2043,-2295,295,295,7960,-28671,28673,15233,-18759,-2057,-54725,231078	term
A327289	eulerixf	0	nonn	1	2,2,2,2,2,2,15,1,1,1,1,1,1,-90,127,1,1,1,1,1,729,-1637,127,925,1,1,1,-7097,21295,-9638,-11885,925,925,6028,74257,-276821	term
A327290	eulerixf	0	nonn	1	2,2,2,2,2,2,2,21,1,1,1,1,1,1,1,-189,247,1,1,1,1,1,1,2281,-4673,247,2401,1,1,1,1,-32489,88807,-35054,-45353,2401	term
A327291	eulerixf	0	nonn	1	2,2,2,2,2,2,2,2,28,1,1,1,1,1,1,1,1,-350,436,1,1,1,1,1,1,1,5851,-11309,436,5446,1,1,1,1,1,-114074,294061	term
A327292	eulerixf	0	nonn	1	2,2,2,2,2,2,2,2,2,36,1,1,1,1,1,1,1,1,1,-594,716,1,1,1,1,1,1,1,1,13091,-24309,716,11166,1,1,1,1	term
A327293	eulerixf	0	nonn	1	2,2,2,2,2,2,2,2,2,2,45,1,1,1,1,1,1,1,1,1,1,-945,1112,1,1,1,1,1,1,1,1,1,26489,-47772,1112,21165,1	term

Alois
A327380		Number of colored integer partitions of n such that two colors are used and parts differ by size or by color.
A327380	eulerixf	0	nonn	1	2,2,0,0,2,0,0,2,2,-2,2,2,0,2,2,-2,2,2,0,2,4,-2,0,4,0,-2,6,0,-4,6,4,-6,4,8,-8,-2,14,-8,-6,18,-4,-18	term
A327381	eulerixf	0	nonn	1	3,3,0,0,3,0,0,3,3,-3,3,3,0,3,3,-3,3,3,0,3,6,-3,0,6,0,-3,9,0,-6,9,6,-9,6,12,-12,-3,21	term
A327382	eulerixf	0	nonn	1	4,4,0,0,4,0,0,4,4,-4,4,4,0,4,4,-4,4,4,0,4,8,-4,0,8,0,-4,12,0,-8,12,8,-12,8,16	term
A327383	eulerixf	0	nonn	1	5,5,0,0,5,0,0,5,5,-5,5,5,0,5,5,-5,5,5,0,5,10,-5,0,10,0,-5,15,0,-10,15,10,-15	term
A327384	eulerixf	0	nonn	1	6,6,0,0,6,0,0,6,6,-6,6,6,0,6,6,-6,6,6,0,6,12,-6,0,12,0,-6,18,0,-12,18	term
A327385	eulerixf	0	nonn	1	7,7,0,0,7,0,0,7,7,-7,7,7,0,7,7,-7,7,7,0,7,14,-7,0,14,0,-7,21,0,-14	term
A327386	eulerixf	0	nonn	1	8,8,0,0,8,0,0,8,8,-8,8,8,0,8,8,-8,8,8,0,8,16,-8,0,16,0,-8,24,0	term
A327387	eulerixf	0	nonn	1	9,9,0,0,9,0,0,9,9,-9,9,9,0,9,9,-9,9,9,0,9,18,-9,0,18,0,-9,27	term
A327388	eulerixf	0	nonn	1	10,10,0,0,10,0,0,10,10,-10,10,10,0,10,10,-10,10,10,0,10,20,-10,0,20,0,-10	term

Alois
A327504		Number of set partitions of [n] where each subset is again partitioned into three nonempty subsets.		
E.g.f.: exp((exp(x)-1)^3/3!).
A327504	eulerixf	0	nonn	1	0,0,1,6,25,99,505,3580,29515,248770,2137640,19506570,194769195,2119977420,24602945630,299391809315,3805026153955,50651709574250,707805034751435,10366064291520529,158460526179365585,2518619660035522170	term
A327505	eulerixf	0	nonn	1	0,0,0,1,10,65,350,1735,9020,60235,560550,6175840,69420270,761442615,8236836930,91038154280,1073586005170,13898426867550,196735257933150,2963116578692490,46224653619197370,736904087707697265,12005179035344171950	term
A327506	eulerixf	0	nonn	1	0,0,0,0,1,15,140,1050,6951,42650,253645,1593970,12460301,134889216,1806093030,25522036085,354170491416,4751263373766,62041175297346,803405952451760,10624035413345921,148848575668297862,2279230003984931767	term
A327507	eulerixf	0	nonn	1	0,0,0,0,0,1,21,266,2646,22827,179487,1324113,9357327,64991430,469874181,4008601170,46158700896,691099378683,11535156659250,194239226909994,3186365026189457,50592183956584221,780298159377362430	term
A327508	eulerixf	0	nonn	1	0,0,0,0,0,0,1,28,462,5880,63987,627396,5715424,49330995,408921485,3292212056,26136914370,211891610868,1910898540727,21958616090286,338515819985728,6257271200036577,122152081087877239,2369187758301898422	term
A327509	eulerixf	0	nonn	1	0,0,0,0,0,0,0,1,36,750,11880,159027,1899612,20912320,216627840,2141770487,20416870152,189100387854,1713143084760,15314760183337,137722991438340,1310008504565618,14647744590423120,215375892064876059	term
A327510	eulerixf	0	nonn	1	0,0,0,0,0,0,0,0,1,45,1155,22275,359502,5135130,67128490,820784250,9528822303,106175420064,1144618783770,12011663701785,123297356095804,1243260838735443,12377559128076945,122870881902107350,1247553179955051255	term
A327511	eulerixf	0	nonn	1	0,0,0,0,0,0,0,0,0,1,55,1705,39325,752752,12662650,193754990,2758334150,37112163803,477297033785,5917585057032,71187151690600,835145968872039,9593573078690260,108264887491939970,1203738001204889865	term
