12 1
13 11
14 96
15 672
16 3980
17 20503
18 93975
19 389453
20 1478299
21 5192488
22 17020341
23 52432182
24 152709107
25 422668071
26 1116703046
27 2827302880
28 6883265229
29 16163108315
30 36706208439
31 80814659013
32 172870609803
33 359984372056
34 731050070789
35 1450138529008
36 2813879617526
37 5348278955574
38 9969292119973
39 18244892018254
40 32816359793408
41 58065961286536
42 101160987675950
43 173665732905864
44 294000665937029
45 491151644352860
46 810204587511703
47 1320519849076525
48 2127688266307381
49 3390857009170844
50 5347616086212405
51 8349444722142547
52 12911793493392216
53 19784302660857121
54 30048530143633748
55 45253010316704178
56 67598645252941054
57 100191539574805350
58 147385672088609254
59 215244551708206187
60 312159600136289454
61 449673889425939133
62 643573587233862491
63 915326691248405285
64 1293970171052568967
65 1818573448771320988
66 2541439402030168039
67 3532245154833194792
68 4883375493548010804
69 6716763779134438728
70 9192631063121417174
71 12520606519435836241
72 16973824539231876074
73 22906729736417272927
74 30777485177282522560
75 41176076641659587419
76 54859442790224789244
77 72795244906387151322
78 96216228714882769668
79 126687534287327919677
80 166189789375354514404
81 217221389529965272111
82 282924039896173337366
83 367236425655797240448
84 475081810288360122254
85 612596455529834669311
86 787407039747258068291
87 1008966751644001031290
88 1288961487076138256257
89 1641799616176763069389
90 2085201158979184524593
91 2640904959076426005398
92 3335515631778062988959
93 4201515748136816527892
94 5278472969568475492163
95 6614476748967195626034
96 8267844852584260179500
97 10309146432906438225212
98 12823595809060541516168
99 15913879614212398267775
100 19703489690462493501110
101 24340645208982555685496
102 30002900143177418589008
103 36902546622424363614227
104 45292941062853244329203
105 55475898553805324183344
106 67810322045420399012915
107 82722256735507841738355
108 100716587026614315693295
109 122390623887172349978989
110 148449864813525279798486
111 179726247305421108105712
112 217199260336595619766442
113 262020327276360007322172
114 315540928706293737700750
115 379344995248450562023693
116 455286169615471020077832
117 545530614419395753715753
118 652606128725366488257632
119 779458432886009186572843
120 929515588913719003872073
121 1106761643715185674321188
122 1315820716210414371544253
123 1562052898092672095882991
124 1851663503292382623491872
125 2191827384764393431514990
126 2590830240854777832200946
127 3058229059216207402691613
128 3605034096204676754522357
129 4243915066272587506118845
130 4989434521650058606708179
131 5858311740378466435435673
132 6869720813570706683494021
133 8045627033925221889044709
134 9411166140600289107514528
135 10995071474448119586806101
136 12830154646526902248197611
137 14953845926313753175607000
138 17408801219068674765337168
139 20243583229687273057073768
140 23513425208898534209695006
141 27281086553046403089207844
142 31617810487669849068398884
143 36604395114926127234865234
144 42332390253416071227369597
145 48905433754606719530641612
146 56440742351895211212583961
147 65070773596203799390342938
148 74945077066368257077521541
149 86232354824803384714749037
150 99122753031170421505377673
151 113830408742105889232950329
152 130596278227538651607892521
153 149691275638787414638396495
154 171419753586655942790620233
155 196123360146454321201073382
156 224185310019840194287237039
157 256035111070482088056438351
158 292153791233091361338044608
159 333079674896135677924855796
160 379414762301908821830519667
161 431831770319647056618657493
162 491081898155900063171552793
163 558003387201131911275189439
164 633530950304308691898360236
165 718706152351924410779766847
166 814688831140693469182223077
167 922769655212564250710617255
168 1044383923607897838450156458
169 1181126721431414786807265021
170 1334769554762501548878766320
171 1507278598826362971343016419
172 1700834704528179765587125752
173 1917855320495125467790285304
174 2161018500730633342961897483
175 2433289181925266232166242868
176 2737947929456505135630730774
177 3078622367217513829328614925
178 3459321523718680888368125984
179 3884473345486395822101257650
180 4358965648726940893604206690
181 4888190801620645824354098220
182 5478094452559134200722516617
183 6135228644238956566978645173
184 6866809679886637416526527930
185 7680781136128073564963057085
186 8585882447251002740900951393
187 9591723517971735865425101525
188 10708865856442849907930718486
189 11948910756271300444230474558
190 13324595095908979151038805602
191 14849895366091388602358717653
192 16540140581205303926889395460
193 18412134778743154929427096332
194 20484289862540659983502016402
195 22776769600495888948435418469
196 25311645646144537065666729534
197 28113066516041604658025446041
198 31207440521610084478433126410
199 34623633725211774027812375523
200 38393184065936647756903346700


