7 1
8 6
9 30
10 120
11 416
12 1268
13 3499
14 8833
15 20730
16 45625
17 95052
18 188638
19 358822
20 657169
21 1163791
22 1999495
23 3343038
24 5452829
25 8696613
26 13587910
27 20834487
28 31396728
29 46563312
30 68041054
31 98068941
32 139551650
33 196226198
34 272854810
35 375461896
36 511605805
37 690708240
38 924428664
39 1227113088
40 1616300216
41 2113321751
42 2743975123
43 3539313921
44 4536528202
45 5779970577
46 7322292667
47 9225759697
48 11563699697
49 14422168378
50 17901776114
51 22119774269
52 27212335208
53 33337141045
54 40676202614
55 49439043385
56 59866154407
57 72232878384
58 86853610855
59 104086502060
60 124338528336
61 148071144428
62 175806363163
63 208133506339
64 245716447429
65 289301625014
66 339726620389
67 397929616178
68 464959498162
69 541986960799
70 630316343117
71 731398602251
72 846845114149
73 978442758952
74 1128169938432
75 1298214040115
76 1490989948121
77 1709160176232
78 1955656173873
79 2233701445481
80 2546835978622
81 2898942694453
82 3294275354344
83 3737488713805
84 4233670293593
85 4788374641464
86 5407659383443
87 6098124029940
88 6866950757257
89 7721948226821
90 8671597581533
91 9725101784090
92 10892437347282
93 12184409734674
94 13612711383769
95 15189983749533
96 16929882219170
97 18847145421816
98 20957667673337
99 23278576218317
100 25828311888916
101 28626714987842
102 31695114890808
103 35056425328046
104 38735243705091
105 42757956589070
106 47152849574374
107 51950223828236
108 57182517379409
109 62884433632832
110 69093075010505
111 75848084399972
112 83191792135021
113 91169371397069
114 99828999581303
115 109222028732154
116 119403162397811
117 130430642242531
118 142366441557896
119 155276469255499
120 169230781268113
121 184303803195603
122 200574560893094
123 218126923111532
124 237049852642773
125 257437670363804
126 279390328380660
127 303013696962233
128 328419861195807
129 355727432372343
130 385061869747050
131 416555818012778
132 450349455838593
133 486590861152829
134 525436388210841
135 567051062492996
136 611608988141594
137 659293774361335
138 710298975152892
139 764828549196710
140 823097333896606
141 885331540819627
142 951769266160451
143 1022661023900166
144 1098270294898062
145 1178874100034306
146 1264763590229648
147 1356244661937361
148 1453638590497765
149 1557282690443170
150 1667530994698638
151 1784754962274971
152 1909344205929467
153 2041707249931289
154 2182272308911728
155 2331488098493256
156 2489824668172402
157 2657774267724680
158 2835852237074284
159 3024597931505656
