11 1
12 10
13 80
14 511
15 2777
16 13138
17 55445
18 211891
19 743088
20 2415348
21 7339040
22 20991721
23 56861553
24 146612710
25 361446211
26 855299399
27 1949299497
28 4291731308
29 9152560382
30 18951522986
31 38182512974
32 74995707572
33 143850260880
34 269877023945
35 495927057697
36 893770569473
37 1581616104036
38 2751119088781
39 4708455288998
40 7935983685453
41 13183707939880
42 21603393288847
43 34943125623955
44 55826681814885
45 88150827218116
46 137645153983313
47 212654122883499
48 325220477586691
49 492574386180725
50 739164898671367
51 1099411419076733
52 1621404902864098
53 2371854086122870
54 3442654178222199
55 4959557969964598
56 7093556437504624
57 10075733142534760
58 14216549975188781
59 19930758725881460
60 27769421846848891
61 38460877152768905
62 52962906411060648
63 72528881202285111
64 98791276396408664
65 133866681511522564
66 180487323607089566
67 242165168097584949
68 323395913152616705
69 429911673334294836
70 568992894536190514
71 749852099792492956
72 984104480625844599
73 1286343179189571404
74 1674840412567084902
75 2172399446651543518
76 2807386909929469108
77 3614980142206645087
78 4638670297590210456
79 5932068885192267216
80 7561073458449552082
81 9606457406049278020
82 12166959408981587075
83 15362960298476627080
84 19340848971432466113
85 24278194928607941422
86 30389863135364439250
87 37935227555715893533
88 47226663172405206004
89 58639522935812757714
90 72623836243698916074
91 89717999678718595942
92 110564769261537942299
93 135929906945421677607
94 166723883017620395273
95 204027091126980495627
96 249119094471402024932
97 303512491028467255888
98 368992063374184418837
99 447659965539085887983
100 541987796427957307844
101 654876517691958035886
102 789725294699509587672
103 950510473730140256523
104 1141876058032437643562
105 1369237211515455781092
106 1638898503144335762860
107 1958188809444022708749
108 2335615018723134502918
109 2781036930902837735605
110 3305866023341091547921
111 3923291058352006470354
112 4648533844775157732731
113 5499138836960244437310
114 6495300662869282710001
115 7660234122174020110585
116 9020591688702268791654
117 10606934093450539489304
118 12454260158654158271051
119 14602602704832499235639
120 17097698065967044010357
121 19991737528511779784429
122 23344209863165483314826
123 27222845050587990474286
124 31704670319726643399504
125 36877190727427254817973
126 42839707717675548582772
127 49704790416525411707376
128 57599915852709025310576
129 66669295853687246325731
130 77075910061859047404064
131 89003766356776543343462
132 102660411967209572019389
133 118279720724284209513881
134 136124984255877576215699
135 156492337467229894796252
136 179714551407199723208838
137 206165229599918225251721
138 236263447143527199010920
139 270478875359553921435875
140 309337438536102503637428
141 353427553366177603763730
142 403407006059243572246045
143 460010526822995127985159
144 524058126495999541682285
145 596464265586782164887472
146 678247931866661003600657
147 770543709001918439709896
148 874613925524504204290609
149 991861980762786534745040
150 1123846952217204935662641
151 1272299597307477867246271
152 1439139871474472178959126
153 1626496094332879312721314
154 1836725905980954410627137
155 2072439166727633390761249
156 2336522965440576216904974
157 2632168914503413434978816
158 2962902923047140522543181
159 3332617654747524633386053
160 3745607892113739498584130
161 4206609045898125188298126
162 4720839066095457143932336
163 5294044030044528344786910
164 5932547703464584554416425
165 6643305391934251206424990
166 7433962423428003732446733
167 8312917627153678840113908
168 9289392200169234290055024
169 10373504381196140103799208
170 11576350380784705829756655
171 12910092048631876124112230
172 14388051792508720340685478
173 16024815299042863131164446
174 17836342644635385201889326
175 19840088425204447471232292
176 22055131576365726673386241
177 24502315601228290133319216
178 27204399971343222048674961
179 30186223517651326634709220


