1 0
2 0
3 0
4 0
5 0
6 1
7 5
8 21
9 72
10 214
11 563
12 1344
13 2958
14 6086
15 11820
16 21854
17 38713
18 66069
19 109109
20 175019
21 273540
22 417672
23 624472
24 916038
25 1320609
26 1873896
27 2620552
28 3615923
29 4927965
30 6639493
31 8850628
32 11681631
33 15275970
34 19803834
35 25465914
36 32497699
37 41174075
38 51814511
39 64788587
40 80522183
41 99504055
42 122293149
43 149526349
44 181927046
45 220314188
46 265612241
47 318861679
48 381230480
49 454026203
50 538709167
51 636906268
52 750425998
53 881274162
54 1031670902
55 1204068478
56 1401170469
57 1625951792
58 1881680258
59 2171939010
60 2500650617
61 2872102120
62 3290971856
63 3762357306
64 4291804849
65 4885340612
66 5549503361
67 6291378561
68 7118634617
69 8039560361
70 9063104861
71 10198918558
72 11457396870
73 12849725209
74 14387926615
75 16084910887
76 17954526489
77 20011614039
78 22272062735
79 24752868453
80 27472194946
81 30449436810
82 33705285718
83 37261798518
84 41142468772
85 45372300256
86 49977884081
87 54987477873
88 60431088759
89 66340558514
90 72749652700
91 79694152073
92 87211948172
93 95343141286
94 104130142798
95 113617780016
96 123853405584
97 134887009491
98 146771335867
99 159562002491
100 173317625295
101 188099945700
102 203973963160
103 221008070660
104 239274195640
105 258847943995
106 279808749726
107 302240027790
108 326229332831
109 351868521237
110 379253919309
111 408486494888
112 439672035329
113 472921329068
114 508350353776
115 546080468240
116 586238611079
117 628957503323
118 674375858079
119 722638594199
120 773897057289
121 828309244865
122 886040039107
123 947261443907
124 1012152829778
125 1080901183204
126 1153701364121
127 1230756367987
128 1312277596258
129 1398485131605
130 1489608021813
131 1585884568578
132 1687562625266
133 1794899899730
134 1908164266374
135 2027634083434
136 2153598519799
137 2286357887210
138 2426223982296
139 2573520434152
140 2728583062053
141 2891760238880
142 3063413264984
143 3243916747934
144 3433658993011
145 3633042399758
146 3842483869591
147 4062415219639
148 4293283607965
149 4535551965193
150 4789699437837
151 5056221838218
152 5335632106408
153 5628460778947
154 5935256469917
155 6256586358973
156 6593036692069
157 6945213289327
158 7313742065943
159 7699269560425
160 8102463476212
161 8524013230820
162 8964630518716
163 9425049881916
164 9906029294664
165 10408350756032
166 10932820896961
167 11480271595421
168 12051560606377
169 12647572200076
170 13269217815506
171 13917436722383
172 14593196698680
