13 1
14 12
15 114
16 864
17 5541
18 30846
19 152596
20 681428
21 2783239
22 10504028
23 36943275
24 121939535
25 380006322
26 1123838933
27 3168283157
28 8547632165
29 22144509397
30 55260123176
31 133188829780
32 310810391963
33 703802522743
34 1549519595711
35 3322898249534
36 6952202374007
37 14212226321250
38 28426894686858
39 55701643395494
40 107047679165791
41 201983944744950
42 374550855272863
43 683204854555256
44 1226874422993884
45 2170675054387104
46 3786584900297765
47 6517029789290879
48 11073170847266900
49 18585219145809813
50 30829987408828054
51 50572034993171632
52 82070387494491477
53 131824545922918393
54 209663503429144592
55 330322612107114212
56 515709123614816582
57 798132935429932375
58 1224880814815294709
59 1864648275379892197
60 2816523762143297828
61 4222458153808628824
62 6284465680651921835
63 9288211505524653992
64 13635173232580360863
65 19886252092004151456
66 28820596391043444766
67 41514537098730407031
68 59446987572302236919
69 84639505926142515083
70 119841557021196043260
71 168774461120210105159
72 236451223826654804790
73 329594084581323203901
74 457177414000041607392
75 631130794064856590005
76 867246043385408269006
77 1186342979710744108226
78 1615762295705155233748
79 2191270602389864082364
80 2959483112107797346365
81 3980934356206612349567
82 5333957671385216851011
83 7119571019676550306112
84 9467611301636136220768
85 12544413178740050657662
86 16562393300190145683439
87 21791978797563430640800
88 28576412386316463301548
89 37350078221995211147180
90 48661126095231736810630
91 63199330447537895592262
92 81830309502115987083830
93 105637453693799149800736
94 135973177524117373526177
95 174521421864812310717851
96 223373702545998575967615
97 285121434960539595881866
98 362967773929370722307234
99 460862805296835965524417
100 583666624515520500321102
101 737345653691399057064564
102 929208500302137929014150
103 1168188768736772532106039
104 1465183523467333516776243
105 1833457596827566141654144
106 2289125665452243509517685
107 2851726021929662329285285
108 3544902281229650129596138
109 4397211929228622329611224
110 5443083693149395119526609
111 6723949247397410931529175
112 8289578826715615840493868
113 10199654973433508233730345
114 12525623977411466289058995
115 15352870666596522389493087
116 18783269174474310170295315
117 22938170261989123474436437
118 27961894833195103487911979
119 34025813598617680545966507
120 41333104567393876616977687
121 50124293366624124327219186
122 60683696492374036455315972
123 73346904712436529924173277
124 88509463212277092953646583
125 106636926976083414964087694
126 128276494628380351883479415
127 154070451865543767226206757
128 184771687054740465534146968
129 221261576984738720127273782
130 264570580577362476924301404
131 315901923117481969453917518
132 376658803793998448582094172
133 448475615683429187525218954
134 533253730434462325581351599
135 633202470579295480611948315
136 750885971435166300892105825
137 889276722880319561939043805
138 1051816679896927490971961035
139 1242486940772949871664537414
140 1465887114457677126797902245
141 1727325635102064071031428410
142 2032922433743720150327382096
143 2389725546016383280837419197
144 2805843422425629067368280619
145 3290594916052623447613826466
146 3854679153621360566670873020
147 4510367751982394329860193153
148 5271722125728929220185186927
149 6154838945599761024309449096
150 7178127154516179863356215117
151 8362620331793500169977990810
152 9732328619799529164404238034
153 11314634894953604779521475664
154 13140740380661634962453502566
155 15246165468122747424711155319
156 17671312136875248710557581919
157 20462095055854791627073935048
158 23670649203457614327421481890
159 27356122677975289240291209615
160 31585564284668236153156434347
161 36434916490123796760076851253
162 41990125436471288541112703991
163 48348380916239462270148928062
164 55619500532596567588579720099
165 63927473719637131413610289459
166 73412182884327884396772776375
167 84231320667643820294668248168
168 96562524220214154166142721893
169 110605749461382288911911465417
170 126585910554986888665839038695
171 144755812306594348140395480436
172 165399405882818542197712392947
173 188835401192566094498424936725
174 215421272472804102357452626323
175 245557697109570678862403567019
176 279693471521899269798667209645
177 318330952067339028159040893838
178 362032073419949123951852085006
179 411425001754170336026965278431
180 467211485372134330599215702889
181 530174971171366332815828464371
182 601189561600532977506489365321
183 681229893531569865732601410030
184 771382027828671710609903675736
185 872855446362702140916814283824
186 986996261851212300986160207510
187 1115301755250462417810956811428
188 1259436365541230332846719678137
189 1421249267693210869452920292884
190 1602793686425977878900798277865
191 1806348106174652623835712619269
192 2034439551487059016152367621758
193 2289869127002610895343739072510
194 2575740022273032486741049560320
195 2895488204068355209664985997182
196 3252916037561422005267036721550
197 3652229097999558002450966378614
198 4098076456258933100671487548208
199 4595594745148263830904074537127
200 5150456338604125124250498877988
201 5768922003128401281025043269716
202 6457898410095781306644224821576
203 7225000929051034337930077200027
204 8078622155976790688768194335038
205 9028006666907338406830658268187
206 10083332526367657635387724349497
207 11255800122115812206294053581137
208 12557728942758908532679442758967
209 14002662963208569261885725142500
210 15605485354864847252586881591806
211 17382543293105225099723017749748
212 19351783694359984450507256803587
213 21532900779044489454221869013623
214 23947496425176886360642362606089
215 26619254350937763136819308888944
216 29574129243046074923199955275824
217 32840552031972040362855904924811
218 36449652605041984413556624385863
219 40435501344792933670723240548055
220 44835370982909444364077203941652
221 49690020370148792854137780909565
222 55044001880285519292462508312420
223 60945994291761104625317469837050
224 67449163124915859757015360707018
225 74611550555943871536505146445608
226 82496497181614936414001024618667
227 91173098071949230769695193191348
228 100716695722044652876143814622610
229 111209412699813010515963251239149
230 122740726984187082098817228432868
231 135408093199163486821317386973473
232 149317613173635579587345044578537
233 164584759496179629139504127893147
234 181335155988665996841309584799331
235 199705419293703225267363966782172
236 219844066059466247766411258265712
237 241912490512443404891058654664304
238 266086017535149970133078428783652
239 292555036713046988674589094458203
240 321526223183983999435371332338121
241 353223851515728391452713016292684
242 387891209253896783607000768209432
243 425792117225280664838943250568573
244 467212564151650462321177243814660
245 512462463628198932682997370008515
246 561877542050498570050208680802808
247 615821366635937483723231594790489
248 674687523281893469095113894174332
249 738901954635331407917065256793545
250 808925469419088800338346401360002
251 885256434770976550280562267412954
252 968433664105204572171811243467919
253 1059039513803896134263743715630927
254 1157703202892052377855764473799228
255 1265104370744865606117844501475745
256 1381976888824484002705203407483330
257 1509112943447065689602771995371260
258 1647367407643233858043781098733595
259 1797662521299014303311911789395503
260 1960992899953315717614295535976360
261 2138430893885478901035035253208411
262 2331132320456021906053642053211120
263 2540342594069271065163146433934305
264 2767403279612106462616714120039370
265 3013759096792773369506108003538833
266 3280965404462030657759198941588443
267 3570696195750448155392268949070173
268 3884752636705274078237734004216925
269 4225072183063049659177100678764433
270 4593738311855371176949225261069213
271 4992990906720462491628140061283635
272 5425237338088359777780536685792720
273 5893064281828635002590978423078873
274 6399250322503092688953542340401073
275 6946779390058461302870806138572962
276 7538855081632773131908743266409277


