5 1
6 4
7 14
8 39
9 97
10 212
11 429
12 804
13 1427
14 2406
15 3900
16 6094
17 9245
18 13645
19 19682
20 27791
21 38530
22 52516
23 70521
24 93390
25 122157
26 157945
27 202104
28 256090
29 321628
30 400567
31 495070
32 607445
33 740362
34 896657
35 1079581
36 1292574
37 1539546
38 1824621
39 2152452
40 2527932
41 2956546
42 3444046
43 3996842
44 4621641
45 5325877
46 6117311
47 7004505
48 7996380
49 9102734
50 10333758
51 11700600
52 13214836
53 14889083
54 16736422
55 18771062
56 21007715
57 23462311
58 26151322
59 29092533
60 32304312
61 35806437
62 39619312
63 43764852
64 48265642
65 53145883
66 58430491
67 64146106
68 70320131
69 76981804
70 84161174
71 91890241
72 100201866
73 109130979
74 118713423
75 128987232
76 139991406
77 151767262
78 164357137
79 177805814
80 192159153
81 207465592
82 223774703
83 241138773
84 259611282
85 279248564
86 300108207
87 322250796
88 345738232
89 370635560
90 397009204
91 424928882
92 454465757
93 485694439
94 518691049
95 553535313
96 590308536
97 629095788
98 669983788
99 713063184
100 758426344
101 806169733
102 856391608
103 909194494
104 964682783
105 1022965309
106 1084152848
107 1148360797
108 1215706572
109 1286312391
110 1360302570
111 1437806412
112 1518955398
113 1603886185
114 1692737689
115 1785654194
116 1882782327
117 1984274278
118 2090284664
119 2200973865
120 2316504774
121 2437046249
122 2562769749
123 2693852904
124 2830476034
125 2972825840
126 3121091803
127 3275469998
128 3436159373
129 3603365686
130 3777297661
131 3958171053
132 4146204678
133 4341624606
134 4544660065
135 4755547764
136 4974527668
137 5201847454
138 5437758154
139 5682518746
140 5936391665
141 6199647529
142 6472560515
143 6755413225
144 7048491924
145 7352091546
146 7666510794
147 7992057288
148 8329042524
149 8677787167
150 9038615866
151 9411862694
152 9797865819
153 10196973091
154 10609536566
155 11035918245
156 11476484448
157 11931611705
158 12401680980
159 12887083716
160 13388215906
161 13905484295
162 14439300295
163 14990086346
164 15558269675
165 16144288816
166 16748587210
167 17371619889
168 18013846914
169 18675740223
170 19357776907
171 20060446224
172 20784242710
173 21529673362
174 22297250581
175 23087499526
176 23900950889
177 24738148420
178 25599641531
179 26485992997
180 27397771386
181 28335558936
182 29299943811
183 30291528156
184 31310920176
185 32358742372
186 33435623440
187 34542206690
188 35679141765
189 36847093243
190 38046732173
191 39278744865
192 40543824240
193 41842678808
194 43176023832
195 44544590496
196 45949116880
197 47390357321
198 48869073196
199 50386042478
200 51942050327
