8 1
9 7
10 40
11 185
12 732
13 2544
14 7949
15 22668
16 59773
17 147228
18 341653
19 752182
20 1580470
21 3185224
22 6183637
23 11606151
24 21127675
25 37405050
26 64561161
27 108866382
28 179684155
29 290762751
30 461978659
31 721658992
32 1109643254
33 1681275261
34 2512561363
35 3706772370
36 5402827325
37 7785852189
38 11100386299
39 15666780914
40 21901437438
41 30341624434
42 41675743801
43 56780032340
44 76762849577
45 103017847066
46 137287518775
47 181738810033
48 239052712995
49 312529993907
50 406215501492
51 525043768270
52 675008982867
53 863362725794
54 1098843298131
55 1391940846813
56 1755203007729
57 2203586229447
58 2754858549733
59 3430060114751
60 4254028443010
61 5255996040092
62 6470268797784
63 7936994310981
64 9703030202994
65 11822923356469
66 14360012047838
67 17387663909270
68 20990663901893
69 25266767541392
70 30328436053580
71 36304771339741
72 43343670261600
73 51614219118290
74 61309351030336
75 72648790482827
76 85882311356494
77 101293336503566
78 119202909256010
79 139974069191438
80 164016667089646
81 191792656177031
82 223821899666098
83 260688537007586
84 303047954509007
85 351634408651620
86 407269354027246
87 470870530782554
88 543461870430679
89 626184282166992
90 720307386208995
91 827242264293507
92 948555302289594
93 1085983203858456
94 1241449259393376
95 1417080958831478
96 1615229042739968
97 1838488090853479
98 2089718753595032
99 2372071737329196
100 2689013661036455
101 3044354907786138
102 3442279601947332
103 3887377849271429
104 4384680385204660
105 4939695783519629
106 5558450386287212
107 6247531123511527
108 7014131400432783
109 7866100238412912
110 8811994865797124
111 9861136963697907
112 11023672782973166
113 12310637357905473
114 13734023054308915
115 15306852699750027
116 17043257556735262
117 18958560410440914
118 21069364056730785
119 23393645487737036
120 25950856087505478
121 28762028162591248
122 31849888148831237
123 35238976848802067
124 38955777071990893
125 43028849063934593
126 47488974129338404
127 52369306869412366
128 57705536473721005
129 63536057523115913
130 69902150781749826
131 76848174473545200
132 84421766561356326
133 92674058565597335
134 101659901483482861
135 111438104389773207
136 122071686325876154
137 133628142105173048
138 146179722690054756
139 159803730818503609
140 174582832587411397
141 190605385723567084
142 207965785304422903
143 226764827715948486
144 247110093667957385
145 269116351114019480
146 292905978958132909
147 318609412458649909
148 346365611277089490
149 376322551149452474
150 408637740196957222
151 443478760924836011
152 481023838999392517
153 521462439927050685
154 564995894803044664
155 611838056332813924
156 662215986375539350
157 716370676296639038
158 774557801464967975
159 837048511269892273
160 904130256084997682
161 976107652646745020
162 1053303389370739014
163 1136059173172047243
