9 1
10 8
11 52
12 270
13 1203
14 4682
15 16346
16 51901
17 151945
18 414116
19 1059945
20 2565394
21 5907070
22 13005279
23 27498902
24 56052155
25 110506991
26 211327231
27 393002091
28 712326630
29 1260881177
30 2183476067
31 3705027759
32 6169083918
33 10092371963
34 16240964556
35 25735496224
36 40194772913
37 61929949838
38 94204347453
39 141578213970
40 210362017880
41 309208036950
42 449876176496
43 648218771069
44 925437833261
45 1309680552685
46 1838050921819
47 2559132323195
48 3536132370534
49 4850784233196
50 6608160770584
51 8942588383041
52 12024876749044
53 16071120857759
54 21353370016751
55 28212510834495
56 37073760657620
57 48465235228017
58 63040117628395
59 81603041247055
60 105141379699279
61 134862244689823
62 172236093517440
63 219047983033316
64 277457632289205
65 350069623717191
66 440015227673430
67 551047541550188
68 687651824812678
69 855173163659154
70 1059963830729274
71 1309553011835582
72 1612841852309829
73 1980327145693111
74 2424357325318143
75 2959424863692242
76 3602499589017567
77 4373407958782705
78 5295263812001852
79 6394956752035034
80 7703704882694622
81 9257679365629117
82 11098708940220498
83 13275073424406457
84 15842396005453996
85 18864645157682821
86 22415257948703264
87 26578397695519238
88 31450360008768668
89 37141142658272093
90 43776195942712778
91 51498371862043042
92 60470091836093737
93 70875754577921991
94 82924407395329671
95 96852706339595812
96 112928192532620008
97 131452914464165468
98 152767428240176878
99 177255210576130528
100 205347521828490101
101 237528759563936348
102 274342346010698108
103 316397196381392995
104 364374818285922305
105 419037096585408996
106 481234821694148642
107 551917024009493350
108 632141181278437571
109 723084370980812274
110 826055444460622084
111 942508305468889669
112 1074056381009818363
113 1222488379042231194
114 1389785433451929757
115 1578139744172134119
116 1789974826891148975
117 2027967495128092231
118 2295071704785778013
119 2594544400596594017
120 2929973512044906713
121 3305308256712644434
122 3724891918080492422
123 4193497276334715559
124 4716364880817939498
125 5299244365539522002
126 5948439020342536250
127 6670853844474203566
128 7474047321678048654
129 8366287171569116731
130 9356610345718808767
131 10454887554141295186
132 11671892622943312759
133 13019377002924757550
134 14510149765510277497
135 16158163443324964047
136 17978606090969139922
137 19987999964544181562
138 22204307238506707637
139 24647043203656351796
140 27337397412014235528
141 30298363261985617073
142 33554876541230636587
143 37133963474900565032
144 41064898853167447785
145 45379374845005945386
146 50111681133868076715
147 55298897046932374193
148 60981096380883994927
149 67201565666458218226
150 74007036648040432881
151 81447933797365156644
152 89578637717406715515
153 98457765339029534983
154 108148467853221022840
155 118718747372198022107


